.venv/bin/python3 main.py st70.tsp 55
=== Heuristique ===
Glouton: cout=818.643 (metro=755.906, marche=62.737) temps=0.003s
Solution gloutonne: [0, 24, 38, 61, 53, 66, 10, 45, 39, 33, 32, 64, 26, 8, 59, 51, 67, 42, 4, 57, 29, 43, 40, 5, 52, 46, 15, 13, 2, 31, 3, 65, 27, 7, 6, 1, 62, 68, 28, 48, 25, 18, 23, 34, 63, 50, 37, 49, 41, 22, 11, 54, 55, 19, 44]
=== Métaheuristique ===
Descente: cout=724.935 (metro=609.486, marche=115.449) temps=0.240s
Solution descente: [0, 38, 56, 49, 59, 66, 10, 46, 36, 20, 62, 64, 26, 8, 57, 51, 67, 42, 4, 53, 30, 43, 40, 58, 52, 28, 47, 13, 2, 50, 45, 65, 21, 7, 6, 1, 69, 14, 68, 5, 25, 18, 23, 34, 17, 32, 37, 19, 41, 15, 11, 60, 55, 12, 44]
=== PuLP (formulation compacte) ===
Statut: Optimal
PuLP: cout=625.014 (metro=506.899, marche=118.115) temps=89.698s
Solution PuLP: [0, 1, 2, 3, 4, 6, 7, 8, 9, 11, 12, 13, 14, 15, 16, 17, 18, 19, 20, 21, 22, 23, 25, 26, 27, 29, 30, 31, 32, 36, 37, 38, 39, 41, 43, 44, 45, 46, 47, 48, 49, 50, 51, 53, 55, 56, 57, 58, 59, 60, 62, 64, 66, 67, 68]
